1.6011e-18
6.625706e-26 	 0.000000e+00 	 1.850541e-18 	 2.525067e-18 
1.603001e-22 	 1.000000e-19 	 0.000000e+00 	 0.000000e+00 
6.421635e-22 	 1.000000e-19 	 0.000000e+00 	 0.000000e+00 
1.448488e-21 	 8.111308e-20 	 0.000000e+00 	 0.000000e+00 
2.584138e-21 	 6.579332e-20 	 0.000000e+00 	 0.000000e+00 
4.055989e-21 	 5.336699e-20 	 0.000000e+00 	 0.000000e+00 
5.873000e-21 	 4.328761e-20 	 0.000000e+00 	 0.000000e+00 
8.046305e-21 	 3.511192e-20 	 0.000000e+00 	 0.000000e+00 
1.058932e-20 	 2.310130e-20 	 0.000000e+00 	 0.000000e+00 
1.351791e-20 	 1.873817e-20 	 0.000000e+00 	 0.000000e+00 
1.685048e-20 	 1.000000e-20 	 0.000000e+00 	 0.000000e+00 
2.060828e-20 	 6.579332e-21 	 0.000000e+00 	 0.000000e+00 
2.481553e-20 	 4.328761e-21 	 0.000000e+00 	 0.000000e+00 
2.949973e-20 	 2.310130e-21 	 0.000000e+00 	 0.000000e+00 
3.469194e-20 	 1.669343e-21 	 0.000000e+00 	 0.000000e+00 
4.042715e-20 	 2.022213e-21 	 0.000000e+00 	 0.000000e+00 
4.674462e-20 	 2.523785e-21 	 0.000000e+00 	 0.000000e+00 
5.368840e-20 	 3.195490e-21 	 0.000000e+00 	 0.000000e+00 
6.130775e-20 	 3.764867e-21 	 0.000000e+00 	 0.000000e+00 
6.965780e-20 	 4.512334e-21 	 0.000000e+00 	 0.000000e+00 
7.880015e-20 	 5.456061e-21 	 0.000000e+00 	 0.000000e+00 
8.880365e-20 	 6.444830e-21 	 0.000000e+00 	 0.000000e+00 
9.974522e-20 	 7.648142e-21 	 0.000000e+00 	 0.000000e+00 
1.117109e-19 	 9.080071e-21 	 0.000000e+00 	 0.000000e+00 
1.247967e-19 	 1.056364e-20 	 0.000000e+00 	 0.000000e+00 
1.391104e-19 	 1.228458e-20 	 0.000000e+00 	 0.000000e+00 
1.547722e-19 	 1.425000e-20 	 0.000000e+00 	 0.000000e+00 
1.719171e-19 	 1.484892e-20 	 0.000000e+00 	 0.000000e+00 
1.906963e-19 	 1.484892e-20 	 0.000000e+00 	 0.000000e+00 
2.112796e-19 	 1.484892e-20 	 0.000000e+00 	 0.000000e+00 
2.338576e-19 	 1.484892e-20 	 0.000000e+00 	 0.000000e+00 
2.586447e-19 	 3.579972e-20 	 0.000000e+00 	 0.000000e+00 
2.858821e-19 	 3.579972e-20 	 0.000000e+00 	 0.000000e+00 
3.158419e-19 	 3.579972e-20 	 0.000000e+00 	 0.000000e+00 
3.488308e-19 	 3.579972e-20 	 0.000000e+00 	 0.000000e+00 
3.851955e-19 	 3.579972e-20 	 0.000000e+00 	 0.000000e+00 
4.253278e-19 	 5.595532e-20 	 0.000000e+00 	 0.000000e+00 
4.696717e-19 	 5.595532e-20 	 0.000000e+00 	 0.000000e+00 
5.187303e-19 	 5.595532e-20 	 0.000000e+00 	 0.000000e+00 
5.730748e-19 	 7.367489e-20 	 0.000000e+00 	 0.000000e+00 
6.333549e-19 	 7.367489e-20 	 0.000000e+00 	 0.000000e+00 
7.003095e-19 	 7.367489e-20 	 0.000000e+00 	 0.000000e+00 
7.747813e-19 	 8.863984e-20 	 0.000000e+00 	 0.000000e+00 
8.577318e-19 	 8.863984e-20 	 0.000000e+00 	 0.000000e+00 
9.502603e-19 	 1.009925e-19 	 0.000000e+00 	 0.000000e+00 
1.053624e-18 	 1.110290e-19 	 0.000000e+00 	 0.000000e+00 
1.169266e-18 	 1.110290e-19 	 0.000000e+00 	 0.000000e+00 
1.298840e-18 	 1.190768e-19 	 0.000000e+00 	 0.000000e+00 
1.444249e-18 	 1.254462e-19 	 0.000000e+00 	 0.000000e+00 
1.607680e-18 	 1.304127e-19 	 0.000000e+00 	 0.000000e+00 
1.791659e-18 	 1.342130e-19 	 0.000000e+00 	 0.000000e+00 
1.999098e-18 	 1.370472e-19 	 2.374530e-23 	 0.000000e+00 
2.233366e-18 	 1.404589e-19 	 4.260774e-21 	 0.000000e+00 
2.498361e-18 	 1.416764e-19 	 6.942245e-21 	 3.824287e-22 
2.798606e-18 	 1.416931e-19 	 7.907260e-21 	 1.961040e-21 
3.139351e-18 	 1.401406e-19 	 9.850603e-21 	 6.628228e-21 
3.526704e-18 	 1.382121e-19 	 1.062352e-20 	 9.677846e-21 
3.967778e-18 	 1.345706e-19 	 1.131793e-20 	 1.405546e-20 
4.470872e-18 	 1.304640e-19 	 1.166403e-20 	 1.807250e-20 
5.045680e-18 	 1.261917e-19 	 1.179971e-20 	 2.164190e-20 
5.703549e-18 	 1.191407e-19 	 1.176050e-20 	 2.653529e-20 
6.457776e-18 	 1.137765e-19 	 1.159885e-20 	 2.955857e-20 
7.323968e-18 	 1.063639e-19 	 1.125606e-20 	 3.285524e-20 
8.320477e-18 	 9.974485e-20 	 1.086528e-20 	 3.500508e-20 
9.468907e-18 	 9.295597e-20 	 1.040055e-20 	 3.648959e-20 
1.079474e-17 	 8.626598e-20 	 9.889583e-21 	 3.728378e-20 
1.232808e-17 	 7.921957e-20 	 9.300995e-21 	 3.744283e-20 
1.410455e-17 	 7.279938e-20 	 8.722746e-21 	 3.701026e-20 
1.616633e-17 	 6.657837e-20 	 8.125390e-21 	 3.608362e-20 
1.856353e-17 	 6.076668e-20 	 7.534408e-21 	 3.477618e-20 
2.135569e-17 	 5.546789e-20 	 6.967363e-21 	 3.321597e-20 
2.461373e-17 	 5.026689e-20 	 6.383887e-21 	 3.134361e-20 
2.842222e-17 	 4.576928e-20 	 5.857207e-21 	 2.945111e-20 
3.288221e-17 	 4.146182e-20 	 5.333092e-21 	 2.739963e-20 
3.811461e-17 	 3.751074e-20 	 4.835154e-21 	 2.531154e-20 
4.426435e-17 	 3.397869e-20 	 4.376137e-21 	 2.327813e-20 
5.150540e-17 	 3.073894e-20 	 3.943869e-21 	 2.127623e-20 
6.004702e-17 	 2.774697e-20 	 3.535631e-21 	 1.931418e-20 
7.014124e-17 	 2.506931e-20 	 3.163624e-21 	 1.747006e-20 
8.209218e-17 	 2.303590e-20 	 2.877518e-21 	 1.601752e-20 
9.626739e-17 	 2.303590e-20 	 2.877518e-21 	 1.601752e-20 
1.131118e-16 	 2.303590e-20 	 2.877518e-21 	 1.601752e-20 
1.331652e-16 	 2.303590e-20 	 2.877518e-21 	 1.601752e-20 
1.570828e-16 	 2.303590e-20 	 2.877518e-21 	 1.601752e-20
EOF 
