1.392e-18
2.180172e-25 	 0.000000e+00 	 1.584736e-18 	 1.943469e-18 
1.603001e-22 	 1.229967e-18 	 0.000000e+00 	 0.000000e+00 
6.421635e-22 	 1.045551e-18 	 0.000000e+00 	 0.000000e+00 
1.448488e-21 	 8.712057e-19 	 0.000000e+00 	 0.000000e+00 
2.584138e-21 	 7.375866e-19 	 0.000000e+00 	 0.000000e+00 
4.055989e-21 	 6.104076e-19 	 0.000000e+00 	 0.000000e+00 
5.873000e-21 	 5.004253e-19 	 0.000000e+00 	 0.000000e+00 
8.046305e-21 	 4.067881e-19 	 0.000000e+00 	 0.000000e+00 
1.058932e-20 	 3.286304e-19 	 0.000000e+00 	 0.000000e+00 
1.351791e-20 	 2.603244e-19 	 0.000000e+00 	 0.000000e+00 
1.685048e-20 	 2.038825e-19 	 0.000000e+00 	 0.000000e+00 
2.060828e-20 	 1.594939e-19 	 0.000000e+00 	 0.000000e+00 
2.481553e-20 	 1.214180e-19 	 0.000000e+00 	 0.000000e+00 
2.949973e-20 	 9.223157e-20 	 0.000000e+00 	 0.000000e+00 
3.469194e-20 	 6.823176e-20 	 0.000000e+00 	 0.000000e+00 
4.042715e-20 	 4.975575e-20 	 0.000000e+00 	 0.000000e+00 
4.674462e-20 	 3.604429e-20 	 0.000000e+00 	 0.000000e+00 
5.368840e-20 	 2.512829e-20 	 0.000000e+00 	 0.000000e+00 
6.130775e-20 	 1.709467e-20 	 0.000000e+00 	 0.000000e+00 
6.965780e-20 	 1.122365e-20 	 0.000000e+00 	 0.000000e+00 
7.880015e-20 	 6.939570e-21 	 0.000000e+00 	 0.000000e+00 
8.880365e-20 	 4.406265e-21 	 0.000000e+00 	 0.000000e+00 
9.974522e-20 	 3.206379e-21 	 0.000000e+00 	 0.000000e+00 
1.117109e-19 	 3.572342e-21 	 0.000000e+00 	 0.000000e+00 
1.247967e-19 	 4.978171e-21 	 0.000000e+00 	 0.000000e+00 
1.391104e-19 	 7.242641e-21 	 0.000000e+00 	 0.000000e+00 
1.547722e-19 	 1.073992e-20 	 0.000000e+00 	 0.000000e+00 
1.719171e-19 	 1.538530e-20 	 0.000000e+00 	 0.000000e+00 
1.906963e-19 	 2.156186e-20 	 0.000000e+00 	 0.000000e+00 
2.112796e-19 	 2.883975e-20 	 0.000000e+00 	 0.000000e+00 
2.338576e-19 	 3.767420e-20 	 0.000000e+00 	 0.000000e+00 
2.586447e-19 	 4.773012e-20 	 0.000000e+00 	 0.000000e+00 
2.858821e-19 	 5.878013e-20 	 0.000000e+00 	 0.000000e+00 
3.158419e-19 	 7.187674e-20 	 0.000000e+00 	 0.000000e+00 
3.488308e-19 	 8.772152e-20 	 0.000000e+00 	 0.000000e+00 
3.851955e-19 	 1.063749e-19 	 0.000000e+00 	 0.000000e+00 
4.253278e-19 	 1.291916e-19 	 0.000000e+00 	 0.000000e+00 
4.696717e-19 	 1.548276e-19 	 0.000000e+00 	 0.000000e+00 
5.187303e-19 	 1.823851e-19 	 0.000000e+00 	 0.000000e+00 
5.730748e-19 	 2.092213e-19 	 0.000000e+00 	 0.000000e+00 
6.333549e-19 	 2.374774e-19 	 0.000000e+00 	 0.000000e+00 
7.003095e-19 	 2.604735e-19 	 0.000000e+00 	 0.000000e+00 
7.747813e-19 	 2.780720e-19 	 0.000000e+00 	 0.000000e+00 
8.577318e-19 	 2.877673e-19 	 0.000000e+00 	 0.000000e+00 
9.502603e-19 	 2.812080e-19 	 0.000000e+00 	 0.000000e+00 
1.053624e-18 	 2.660211e-19 	 0.000000e+00 	 0.000000e+00 
1.169266e-18 	 2.460636e-19 	 0.000000e+00 	 0.000000e+00 
1.298840e-18 	 2.218018e-19 	 0.000000e+00 	 0.000000e+00 
1.444249e-18 	 1.946460e-19 	 0.000000e+00 	 0.000000e+00 
1.607680e-18 	 1.692817e-19 	 2.366999e-22 	 0.000000e+00 
1.791659e-18 	 1.457151e-19 	 2.706235e-21 	 0.000000e+00 
1.999098e-18 	 1.238419e-19 	 5.913021e-21 	 9.853214e-22 
2.233366e-18 	 1.039761e-19 	 7.187874e-21 	 5.504771e-21 
2.498361e-18 	 8.464483e-20 	 6.723342e-21 	 1.119861e-20 
2.798606e-18 	 6.843001e-20 	 5.845056e-21 	 1.681490e-20 
3.139351e-18 	 6.207289e-20 	 5.073978e-21 	 2.202561e-20 
3.526704e-18 	 5.963092e-20 	 4.499224e-21 	 2.762327e-20 
3.967778e-18 	 5.748364e-20 	 4.315696e-21 	 3.254684e-20 
4.470872e-18 	 5.364023e-20 	 4.416183e-21 	 3.685687e-20 
5.045680e-18 	 4.950780e-20 	 4.440312e-21 	 4.064298e-20 
5.703549e-18 	 4.534194e-20 	 4.264106e-21 	 4.401876e-20 
6.457776e-18 	 4.010262e-20 	 3.981659e-21 	 4.672839e-20 
7.323968e-18 	 3.311718e-20 	 3.657283e-21 	 4.901326e-20 
8.320477e-18 	 2.594569e-20 	 3.315011e-21 	 5.144084e-20 
9.468907e-18 	 2.013041e-20 	 2.999626e-21 	 5.320187e-20 
1.079474e-17 	 1.614518e-20 	 2.753514e-21 	 5.428494e-20 
1.232808e-17 	 1.414442e-20 	 2.485548e-21 	 5.503889e-20 
1.410455e-17 	 1.386065e-20 	 2.239353e-21 	 5.618194e-20 
1.616633e-17 	 1.510810e-20 	 1.987839e-21 	 5.767207e-20 
1.856353e-17 	 1.666902e-20 	 1.785853e-21 	 5.870000e-20 
2.135569e-17 	 1.723420e-20 	 1.619252e-21 	 5.817102e-20 
2.461373e-17 	 1.620279e-20 	 1.458253e-21 	 5.575632e-20 
2.842222e-17 	 1.425361e-20 	 1.315630e-21 	 5.263865e-20 
3.288221e-17 	 1.203379e-20 	 1.163259e-21 	 4.951989e-20 
3.811461e-17 	 1.028443e-20 	 1.058754e-21 	 4.527440e-20 
4.426435e-17 	 9.432188e-21 	 9.359287e-22 	 4.154567e-20 
5.150540e-17 	 8.863866e-21 	 8.299466e-22 	 3.853740e-20 
6.004702e-17 	 8.277436e-21 	 7.553100e-22 	 3.589846e-20 
7.014124e-17 	 7.773315e-21 	 6.671069e-22 	 3.277985e-20 
8.209218e-17 	 7.362885e-21 	 5.740616e-22 	 2.936597e-20 
9.626739e-17 	 7.099155e-21 	 5.315944e-22 	 2.697718e-20 
1.131118e-16 	 6.976087e-21 	 4.811304e-22 	 2.419438e-20 
1.331652e-16 	 6.250885e-21 	 4.210531e-22 	 2.198320e-20 
1.570828e-16 	 5.056644e-21 	 3.493986e-22 	 1.934592e-20 
EOF
