6.642312e-27 	 0.000000e+00 	 3.172356e-18 	 3.941412e-18 
1.603001e-22 	 4.918859e-20 	 0.000000e+00 	 0.000000e+00 
6.421635e-22 	 4.970155e-20 	 0.000000e+00 	 0.000000e+00 
1.448488e-21 	 5.055991e-20 	 0.000000e+00 	 0.000000e+00 
2.584138e-21 	 5.176884e-20 	 0.000000e+00 	 0.000000e+00 
4.055989e-21 	 5.333567e-20 	 0.000000e+00 	 0.000000e+00 
5.873000e-21 	 5.511409e-20 	 0.000000e+00 	 0.000000e+00 
8.046305e-21 	 5.603303e-20 	 0.000000e+00 	 0.000000e+00 
1.058932e-20 	 5.710830e-20 	 0.000000e+00 	 0.000000e+00 
1.351791e-20 	 5.798492e-20 	 0.000000e+00 	 0.000000e+00 
1.685048e-20 	 5.880863e-20 	 0.000000e+00 	 0.000000e+00 
2.060828e-20 	 5.965152e-20 	 0.000000e+00 	 0.000000e+00 
2.481553e-20 	 6.051065e-20 	 0.000000e+00 	 0.000000e+00 
2.949973e-20 	 6.125803e-20 	 0.000000e+00 	 0.000000e+00 
3.469194e-20 	 6.197113e-20 	 0.000000e+00 	 0.000000e+00 
4.042715e-20 	 6.267915e-20 	 0.000000e+00 	 0.000000e+00 
4.674462e-20 	 6.335313e-20 	 0.000000e+00 	 0.000000e+00 
5.368840e-20 	 6.399129e-20 	 0.000000e+00 	 0.000000e+00 
6.130775e-20 	 6.461109e-20 	 0.000000e+00 	 0.000000e+00 
6.965780e-20 	 6.520786e-20 	 0.000000e+00 	 0.000000e+00 
7.880015e-20 	 6.576149e-20 	 0.000000e+00 	 0.000000e+00 
8.880365e-20 	 6.626632e-20 	 0.000000e+00 	 0.000000e+00 
9.974522e-20 	 6.675789e-20 	 0.000000e+00 	 0.000000e+00 
1.117109e-19 	 6.723797e-20 	 0.000000e+00 	 0.000000e+00 
1.247967e-19 	 6.762066e-20 	 0.000000e+00 	 0.000000e+00 
1.391104e-19 	 6.803056e-20 	 0.000000e+00 	 0.000000e+00 
1.547722e-19 	 6.835071e-20 	 0.000000e+00 	 0.000000e+00 
1.719171e-19 	 6.870117e-20 	 0.000000e+00 	 0.000000e+00 
1.906963e-19 	 6.900640e-20 	 0.000000e+00 	 0.000000e+00 
2.112796e-19 	 6.923381e-20 	 0.000000e+00 	 0.000000e+00 
2.338576e-19 	 6.948327e-20 	 0.000000e+00 	 0.000000e+00 
2.586447e-19 	 6.959161e-20 	 0.000000e+00 	 0.000000e+00 
2.858821e-19 	 6.950888e-20 	 0.000000e+00 	 0.000000e+00 
3.158419e-19 	 6.941789e-20 	 0.000000e+00 	 0.000000e+00 
3.488308e-19 	 6.931769e-20 	 0.000000e+00 	 0.000000e+00 
3.851955e-19 	 6.920724e-20 	 0.000000e+00 	 0.000000e+00 
4.253278e-19 	 6.908535e-20 	 0.000000e+00 	 0.000000e+00 
4.696717e-19 	 6.895066e-20 	 0.000000e+00 	 0.000000e+00 
5.187303e-19 	 6.825597e-20 	 0.000000e+00 	 0.000000e+00 
5.730748e-19 	 6.734262e-20 	 0.000000e+00 	 0.000000e+00 
6.333549e-19 	 6.631119e-20 	 0.000000e+00 	 0.000000e+00 
7.003095e-19 	 6.505014e-20 	 0.000000e+00 	 0.000000e+00 
7.747813e-19 	 6.360924e-20 	 0.000000e+00 	 0.000000e+00 
8.577318e-19 	 6.200424e-20 	 0.000000e+00 	 0.000000e+00 
9.502603e-19 	 6.021311e-20 	 0.000000e+00 	 0.000000e+00 
1.053624e-18 	 5.815642e-20 	 0.000000e+00 	 0.000000e+00 
1.169266e-18 	 5.581700e-20 	 0.000000e+00 	 0.000000e+00 
1.298840e-18 	 5.315974e-20 	 0.000000e+00 	 0.000000e+00 
1.444249e-18 	 5.026280e-20 	 0.000000e+00 	 0.000000e+00 
1.607680e-18 	 4.712779e-20 	 0.000000e+00 	 0.000000e+00 
1.791659e-18 	 4.387075e-20 	 0.000000e+00 	 0.000000e+00 
1.999098e-18 	 4.054559e-20 	 0.000000e+00 	 0.000000e+00 
2.233366e-18 	 3.762121e-20 	 0.000000e+00 	 0.000000e+00 
2.498361e-18 	 3.431336e-20 	 0.000000e+00 	 0.000000e+00 
2.798606e-18 	 3.082342e-20 	 0.000000e+00 	 0.000000e+00 
3.139351e-18 	 2.663227e-20 	 0.000000e+00 	 0.000000e+00 
3.526704e-18 	 2.346648e-20 	 5.500000e-22 	 0.000000e+00 
3.967778e-18 	 2.028777e-20 	 8.240608e-22 	 2.163692e-23 
4.470872e-18 	 1.767635e-20 	 1.093498e-21 	 4.344908e-22 
5.045680e-18 	 1.519421e-20 	 1.179664e-21 	 8.965248e-22 
5.703549e-18 	 1.297697e-20 	 1.210000e-21 	 1.361832e-21 
6.457776e-18 	 1.056042e-20 	 1.210000e-21 	 1.800786e-21 
7.323968e-18 	 8.943535e-21 	 1.210000e-21 	 2.162717e-21 
8.320477e-18 	 7.313683e-21 	 1.203708e-21 	 2.510784e-21 
9.468907e-18 	 5.880119e-21 	 1.195699e-21 	 2.847672e-21 
1.079474e-17 	 4.888807e-21 	 1.186453e-21 	 3.066988e-21 
1.232808e-17 	 3.883318e-21 	 1.175760e-21 	 3.261950e-21 
1.410455e-17 	 3.137730e-21 	 1.163372e-21 	 3.416388e-21 
1.616633e-17 	 2.580748e-21 	 1.148649e-21 	 3.509099e-21 
1.856353e-17 	 2.193913e-21 	 1.126206e-21 	 3.494137e-21 
2.135569e-17 	 1.747777e-21 	 1.100065e-21 	 3.476710e-21 
2.461373e-17 	 1.284069e-21 	 1.069563e-21 	 3.444052e-21 
2.842222e-17 	 1.040566e-21 	 1.033908e-21 	 3.339462e-21 
3.288221e-17 	 7.950902e-22 	 9.895367e-22 	 3.222212e-21 
3.811461e-17 	 7.020157e-22 	 9.242215e-22 	 3.111177e-21 
4.426435e-17 	 5.926236e-22 	 8.474554e-22 	 2.980674e-21 
5.150540e-17 	 4.638198e-22 	 7.570665e-22 	 2.824866e-21 
6.004702e-17 	 3.118808e-22 	 6.504429e-22 	 2.638275e-21 
7.014124e-17 	 2.173310e-22 	 5.685160e-22 	 2.417767e-21 
8.209218e-17 	 1.725771e-22 	 5.063570e-22 	 2.175257e-21 
9.626739e-17 	 1.214278e-22 	 4.326291e-22 	 1.998310e-21 
1.131118e-16 	 1.009241e-22 	 3.480072e-22 	 1.792029e-21 
1.331652e-16 	 7.839491e-23 	 3.062869e-22 	 1.625147e-21 
1.570828e-16 	 5.429080e-23 	 2.565268e-22 	 1.426107e-21 
EOF
