1.6011e-18
6.625706e-26 	 0.000000e+00 	 1.895403e-18 	 2.525067e-18 
1.603001e-22 	 6.089895e-20 	 0.000000e+00 	 0.000000e+00 
6.421635e-22 	 5.458318e-20 	 0.000000e+00 	 0.000000e+00 
1.448488e-21 	 4.401469e-20 	 0.000000e+00 	 0.000000e+00 
2.584138e-21 	 3.579389e-20 	 0.000000e+00 	 0.000000e+00 
4.055989e-21 	 2.779832e-20 	 0.000000e+00 	 0.000000e+00 
5.873000e-21 	 2.127143e-20 	 0.000000e+00 	 0.000000e+00 
8.046305e-21 	 1.584051e-20 	 0.000000e+00 	 0.000000e+00 
1.058932e-20 	 1.196020e-20 	 0.000000e+00 	 0.000000e+00 
1.351791e-20 	 8.443769e-21 	 0.000000e+00 	 0.000000e+00 
1.685048e-20 	 5.559780e-21 	 0.000000e+00 	 0.000000e+00 
2.060828e-20 	 3.712805e-21 	 0.000000e+00 	 0.000000e+00 
2.481553e-20 	 2.368311e-21 	 0.000000e+00 	 0.000000e+00 
2.949973e-20 	 1.423005e-21 	 0.000000e+00 	 0.000000e+00 
3.469194e-20 	 9.001873e-22 	 0.000000e+00 	 0.000000e+00 
4.042715e-20 	 8.358825e-22 	 0.000000e+00 	 0.000000e+00 
4.674462e-20 	 1.271239e-21 	 0.000000e+00 	 0.000000e+00 
5.368840e-20 	 1.930413e-21 	 0.000000e+00 	 0.000000e+00 
6.130775e-20 	 2.773769e-21 	 0.000000e+00 	 0.000000e+00 
6.965780e-20 	 3.784840e-21 	 0.000000e+00 	 0.000000e+00 
7.880015e-20 	 4.908947e-21 	 0.000000e+00 	 0.000000e+00 
8.880365e-20 	 6.062971e-21 	 0.000000e+00 	 0.000000e+00 
9.974522e-20 	 7.346523e-21 	 0.000000e+00 	 0.000000e+00 
1.117109e-19 	 8.825238e-21 	 0.000000e+00 	 0.000000e+00 
1.247967e-19 	 1.031614e-20 	 0.000000e+00 	 0.000000e+00 
1.391104e-19 	 1.186018e-20 	 0.000000e+00 	 0.000000e+00 
1.547722e-19 	 1.358796e-20 	 0.000000e+00 	 0.000000e+00 
1.719171e-19 	 1.522209e-20 	 0.000000e+00 	 0.000000e+00 
1.906963e-19 	 1.686302e-20 	 0.000000e+00 	 0.000000e+00 
2.112796e-19 	 1.854290e-20 	 0.000000e+00 	 0.000000e+00 
2.338576e-19 	 2.037484e-20 	 0.000000e+00 	 0.000000e+00 
2.586447e-19 	 2.261464e-20 	 0.000000e+00 	 0.000000e+00 
2.858821e-19 	 2.516465e-20 	 0.000000e+00 	 0.000000e+00 
3.158419e-19 	 2.796952e-20 	 0.000000e+00 	 0.000000e+00 
3.488308e-19 	 3.095167e-20 	 0.000000e+00 	 0.000000e+00 
3.851955e-19 	 3.421999e-20 	 0.000000e+00 	 0.000000e+00 
4.253278e-19 	 3.791973e-20 	 0.000000e+00 	 0.000000e+00 
4.696717e-19 	 4.207126e-20 	 0.000000e+00 	 0.000000e+00 
5.187303e-19 	 4.659290e-20 	 0.000000e+00 	 0.000000e+00 
5.730748e-19 	 5.157896e-20 	 0.000000e+00 	 0.000000e+00 
6.333549e-19 	 5.710958e-20 	 0.000000e+00 	 0.000000e+00 
7.003095e-19 	 6.584906e-20 	 0.000000e+00 	 0.000000e+00 
7.747813e-19 	 7.593542e-20 	 0.000000e+00 	 0.000000e+00 
8.577318e-19 	 8.572095e-20 	 0.000000e+00 	 0.000000e+00 
9.502603e-19 	 9.588510e-20 	 0.000000e+00 	 0.000000e+00 
1.053624e-18 	 1.085934e-19 	 0.000000e+00 	 0.000000e+00 
1.169266e-18 	 1.229927e-19 	 0.000000e+00 	 0.000000e+00 
1.298840e-18 	 1.382793e-19 	 0.000000e+00 	 0.000000e+00 
1.444249e-18 	 1.491699e-19 	 0.000000e+00 	 0.000000e+00 
1.607680e-18 	 1.610513e-19 	 0.000000e+00 	 0.000000e+00 
1.791659e-18 	 1.627737e-19 	 0.000000e+00 	 0.000000e+00 
1.999098e-18 	 1.597051e-19 	 1.016696e-22 	 0.000000e+00 
2.233366e-18 	 1.465457e-19 	 4.804111e-22 	 0.000000e+00 
2.498361e-18 	 1.317788e-19 	 8.697302e-22 	 0.000000e+00 
2.798606e-18 	 1.152880e-19 	 1.214763e-21 	 2.087633e-21 
3.139351e-18 	 9.657276e-20 	 1.491281e-21 	 5.591988e-21 
3.526704e-18 	 8.245903e-20 	 1.720970e-21 	 9.344778e-21 
3.967778e-18 	 6.803369e-20 	 1.950380e-21 	 1.271747e-20 
4.470872e-18 	 5.797008e-20 	 2.179130e-21 	 1.590935e-20 
5.045680e-18 	 4.925725e-20 	 2.419532e-21 	 1.919376e-20 
5.703549e-18 	 4.281077e-20 	 2.659912e-21 	 2.213885e-20 
6.457776e-18 	 3.568908e-20 	 2.887642e-21 	 2.397336e-20 
7.323968e-18 	 3.195876e-20 	 3.022799e-21 	 2.495696e-20 
8.320477e-18 	 2.830463e-20 	 3.139658e-21 	 2.557042e-20 
9.468907e-18 	 2.572421e-20 	 3.175497e-21 	 2.649193e-20 
1.079474e-17 	 2.392510e-20 	 3.128378e-21 	 2.748996e-20 
1.232808e-17 	 2.201105e-20 	 3.005829e-21 	 2.827779e-20 
1.410455e-17 	 2.047628e-20 	 2.839514e-21 	 2.856065e-20 
1.616633e-17 	 1.900992e-20 	 2.647569e-21 	 2.848198e-20 
1.856353e-17 	 1.751373e-20 	 2.441094e-21 	 2.818275e-20 
2.135569e-17 	 1.599252e-20 	 2.200601e-21 	 2.746841e-20 
2.461373e-17 	 1.435353e-20 	 1.943178e-21 	 2.658253e-20 
2.842222e-17 	 1.273714e-20 	 1.767277e-21 	 2.533025e-20 
3.288221e-17 	 1.094156e-20 	 1.578550e-21 	 2.366981e-20 
3.811461e-17 	 9.328272e-21 	 1.444654e-21 	 2.223287e-20 
4.426435e-17 	 7.889287e-21 	 1.287284e-21 	 2.070165e-20 
5.150540e-17 	 6.711399e-21 	 1.134186e-21 	 1.907013e-20 
6.004702e-17 	 5.671818e-21 	 1.011930e-21 	 1.745576e-20 
7.014124e-17 	 4.722852e-21 	 9.097291e-22 	 1.596882e-20 
8.209218e-17 	 3.868553e-21 	 8.120202e-22 	 1.440205e-20 
9.626739e-17 	 3.145944e-21 	 7.406517e-22 	 1.298817e-20 
1.131118e-16 	 2.641304e-21 	 6.558442e-22 	 1.154022e-20 
1.331652e-16 	 2.099696e-21 	 5.659873e-22 	 1.037580e-20 
1.570828e-16 	 1.666783e-21 	 4.988112e-22 	 9.300980e-21 
EOF
