6.642312e-27 	 0.000000e+00 	 0.000000e+00 	 0.000000e+00 
1.603001e-22 	 2.412294e-18 	 2.213820e-19 	 0.000000e+00 
6.421635e-22 	 1.208559e-18 	 2.213612e-19 	 0.000000e+00 
1.448488e-21 	 8.032627e-19 	 2.213274e-19 	 0.000000e+00 
2.584138e-21 	 6.010736e-19 	 2.212801e-19 	 0.000000e+00 
4.055989e-21 	 4.802509e-19 	 2.212195e-19 	 0.000000e+00 
5.873000e-21 	 3.987695e-19 	 2.211433e-19 	 0.000000e+00 
8.046305e-21 	 3.410822e-19 	 2.210538e-19 	 0.000000e+00 
1.058932e-20 	 2.975802e-19 	 2.209491e-19 	 0.000000e+00 
1.351791e-20 	 2.632409e-19 	 2.208288e-19 	 0.000000e+00 
1.685048e-20 	 2.358466e-19 	 2.206921e-19 	 0.000000e+00 
2.060828e-20 	 2.132129e-19 	 2.205389e-19 	 0.000000e+00 
2.481553e-20 	 1.941188e-19 	 2.203690e-19 	 0.000000e+00 
2.949973e-20 	 1.781223e-19 	 2.201808e-19 	 0.000000e+00 
3.469194e-20 	 1.641043e-19 	 2.199732e-19 	 0.000000e+00 
4.042715e-20 	 1.521388e-19 	 2.197458e-19 	 0.000000e+00 
4.674462e-20 	 1.416366e-19 	 2.194976e-19 	 0.000000e+00 
5.368840e-20 	 1.321867e-19 	 2.192270e-19 	 0.000000e+00 
6.130775e-20 	 1.235553e-19 	 2.189325e-19 	 0.000000e+00 
6.965780e-20 	 1.158057e-19 	 2.186131e-19 	 0.000000e+00 
7.880015e-20 	 1.090555e-19 	 2.182688e-19 	 0.000000e+00 
8.880365e-20 	 1.027571e-19 	 2.178962e-19 	 0.000000e+00 
9.974522e-20 	 9.672665e-20 	 2.174922e-19 	 0.000000e+00 
1.117109e-19 	 9.162072e-20 	 2.170597e-19 	 0.000000e+00 
1.247967e-19 	 8.665120e-20 	 2.165924e-19 	 0.000000e+00 
1.391104e-19 	 8.195409e-20 	 2.160883e-19 	 0.000000e+00 
1.547722e-19 	 7.772698e-20 	 2.155490e-19 	 0.000000e+00 
1.719171e-19 	 7.387330e-20 	 2.149725e-19 	 0.000000e+00 
1.906963e-19 	 6.997733e-20 	 2.143472e-19 	 0.000000e+00 
2.112796e-19 	 6.658600e-20 	 2.136844e-19 	 0.000000e+00 
2.338576e-19 	 6.324410e-20 	 2.129701e-19 	 0.000000e+00 
2.586447e-19 	 6.008350e-20 	 2.122050e-19 	 0.000000e+00 
2.858821e-19 	 5.726909e-20 	 2.113969e-19 	 0.000000e+00 
3.158419e-19 	 5.442394e-20 	 2.105242e-19 	 0.000000e+00 
3.488308e-19 	 5.173876e-20 	 2.095922e-19 	 0.000000e+00 
3.851955e-19 	 4.933742e-20 	 2.086147e-19 	 0.000000e+00 
4.253278e-19 	 4.688388e-20 	 2.075572e-19 	 0.000000e+00 
4.696717e-19 	 4.467870e-20 	 2.064490e-19 	 0.000000e+00 
5.187303e-19 	 4.249400e-20 	 2.052639e-19 	 0.000000e+00 
5.730748e-19 	 4.041987e-20 	 2.040067e-19 	 0.000000e+00 
6.333549e-19 	 3.847656e-20 	 2.026882e-19 	 0.000000e+00 
7.003095e-19 	 3.651134e-20 	 2.012650e-19 	 0.000000e+00 
7.747813e-19 	 3.478700e-20 	 1.998103e-19 	 0.000000e+00 
8.577318e-19 	 3.302750e-20 	 1.982447e-19 	 0.000000e+00 
9.502603e-19 	 3.140065e-20 	 1.966179e-19 	 0.000000e+00 
1.053624e-18 	 2.982965e-20 	 1.949119e-19 	 0.000000e+00 
1.169266e-18 	 2.826918e-20 	 1.930924e-19 	 0.000000e+00 
1.298840e-18 	 2.687357e-20 	 1.912527e-19 	 0.000000e+00 
1.444249e-18 	 2.543649e-20 	 1.892692e-19 	 0.000000e+00 
1.607680e-18 	 2.409225e-20 	 1.872249e-19 	 0.000000e+00 
1.791659e-18 	 2.288522e-20 	 1.851729e-19 	 0.000000e+00 
1.999098e-18 	 2.163604e-20 	 1.829654e-19 	 0.000000e+00 
2.233366e-18 	 2.044153e-20 	 1.806779e-19 	 0.000000e+00 
2.498361e-18 	 1.934280e-20 	 1.783699e-19 	 0.000000e+00 
2.798606e-18 	 1.830684e-20 	 1.760179e-19 	 0.000000e+00 
3.139351e-18 	 1.725943e-20 	 1.735221e-19 	 0.000000e+00 
3.526704e-18 	 1.626341e-20 	 1.709643e-19 	 0.000000e+00 
3.967778e-18 	 1.536630e-20 	 1.684385e-19 	 0.000000e+00 
4.470872e-18 	 1.448382e-20 	 1.658156e-19 	 0.000000e+00 
5.045680e-18 	 1.360872e-20 	 1.630697e-19 	 0.000000e+00 
5.703549e-18 	 1.281468e-20 	 1.603556e-19 	 0.000000e+00 
6.457776e-18 	 1.205205e-20 	 1.575844e-19 	 0.000000e+00 
7.323968e-18 	 1.130544e-20 	 1.547145e-19 	 0.000000e+00 
8.320477e-18 	 1.058878e-20 	 1.517773e-19 	 0.000000e+00 
9.468907e-18 	 9.948492e-21 	 1.489159e-19 	 0.000000e+00 
1.079474e-17 	 9.322664e-21 	 1.459636e-19 	 0.000000e+00 
1.232808e-17 	 8.714864e-21 	 1.429226e-19 	 0.000000e+00 
1.410455e-17 	 8.132252e-21 	 1.398122e-19 	 0.000000e+00 
1.616633e-17 	 7.600057e-21 	 1.367358e-19 	 0.000000e+00 
1.856353e-17 	 7.102731e-21 	 1.336432e-19 	 0.000000e+00 
2.135569e-17 	 6.621882e-21 	 1.304643e-19 	 0.000000e+00 
2.461373e-17 	 6.164805e-21 	 1.272255e-19 	 0.000000e+00 
2.842222e-17 	 5.744061e-21 	 1.239930e-19 	 0.000000e+00 
3.288221e-17 	 5.336739e-21 	 1.206547e-19 	 0.000000e+00 
3.811461e-17 	 4.959787e-21 	 1.173025e-19 	 0.000000e+00 
4.426435e-17 	 4.602279e-21 	 1.138788e-19 	 0.000000e+00 
5.150540e-17 	 4.263431e-21 	 1.103782e-19 	 0.000000e+00 
6.004702e-17 	 3.944178e-21 	 1.068085e-19 	 0.000000e+00 
7.014124e-17 	 3.647896e-21 	 1.032020e-19 	 0.000000e+00 
8.209218e-17 	 3.373774e-21 	 9.957022e-20 	 0.000000e+00 
9.626739e-17 	 3.118240e-21 	 9.589594e-20 	 0.000000e+00 
1.131118e-16 	 2.878395e-21 	 9.216578e-20 	 0.000000e+00 
1.331652e-16 	 2.653308e-21 	 8.838279e-20 	 0.000000e+00 
1.570828e-16 	 2.438805e-21 	 8.450866e-20 	 0.000000e+00 
EOF
